alleles/40_02_6_0 25 0 0 0.000000 0.000000 0.166667
alleles/40_02_6_1 25 0 0 0.000000 0.000000 0.114286
alleles/40_02_6_2 25 0 0 0.000000 0.000000 0.125000
alleles/40_02_6_3 28 0 0 0.000000 0.000000 0.147059
alleles/40_02_6_4 25 0 0 0.000000 0.000000 0.096774
alleles/40_02_6_5 25 0 0 0.000000 0.000000 0.085714
alleles/40_02_6_6 25 0 0 0.000000 0.000000 0.147059
alleles/40_02_6_7 26 0 0 0.000000 0.000000 0.066667
alleles/40_02_6_8 30 0 0 0.000000 0.000000 0.138889
alleles/40_02_6_9 25 0 0 0.000000 0.000000 0.162162
***alleles/40_02_6_9 25 0 0 0.000000 0.000000 0.125028 1.000000
alleles/40_05_6_0 12 0 0 0.000000 0.000000 0.142857
alleles/40_05_6_1 6 0 0 0.000000 0.000000 0.000000
alleles/40_05_6_2 10 0 0 0.000000 0.000000 0.000000
alleles/40_05_6_3 15 0 0 0.000000 0.000000 0.142857
alleles/40_05_6_4 16 0 0 0.000000 0.000000 0.000000
alleles/40_05_6_5 21 0 0 0.000000 0.000000 0.200000
alleles/40_05_6_6 12 0 0 0.000000 0.000000 0.000000
alleles/40_05_6_7 18 0 0 0.000000 0.000000 0.076923
alleles/40_05_6_8 1 0 0 0.000000 0.000000 0.000000
alleles/40_05_6_9 12 0 0 0.000000 0.000000 0.000000
***alleles/40_05_6_9 12 0 0 0.000000 0.000000 0.056264 1.000000
alleles/40_10_6_0 0 0 0 0.000000 0.000000 0.000000
alleles/40_10_6_1 2 0 0 0.000000 0.000000 0.000000
alleles/40_10_6_2 0 0 0 0.000000 0.000000 0.000000
alleles/40_10_6_3 0 0 0 0.000000 0.000000 0.000000
alleles/40_10_6_4 0 0 0 0.000000 0.000000 0.000000
alleles/40_10_6_5 0 0 0 0.000000 0.000000 0.000000
alleles/40_10_6_6 0 0 0 0.000000 0.000000 0.000000
alleles/40_10_6_7 0 0 0 0.000000 0.000000 0.000000
alleles/40_10_6_8 0 0 0 0.000000 0.000000 0.000000
alleles/40_10_6_9 0 0 0 0.000000 0.000000 0.000000
***alleles/40_10_6_9 2 0 0 0.000000 0.000000 0.000000 1.000000
alleles/40_15_6_0 0 0 0 0.000000 0.000000 0.000000
alleles/40_15_6_1 0 0 0 0.000000 0.000000 0.000000
alleles/40_15_6_2 0 0 0 0.000000 0.000000 0.000000
alleles/40_15_6_3 0 0 0 0.000000 0.000000 0.000000
alleles/40_15_6_4 0 0 0 0.000000 0.000000 0.000000
alleles/40_15_6_5 0 0 0 0.000000 0.000000 0.000000
alleles/40_15_6_6 0 0 0 0.000000 0.000000 0.000000
alleles/40_15_6_7 0 0 0 0.000000 0.000000 0.000000
alleles/40_15_6_8 0 0 0 0.000000 0.000000 0.000000
alleles/40_15_6_9 0 0 0 0.000000 0.000000 0.000000
***alleles/40_15_6_9 0 0 0 0.000000 0.000000 0.000000 1.000000
alleles/40_20_6_0 0 0 0 0.000000 0.000000 0.000000
alleles/40_20_6_1 0 0 0 0.000000 0.000000 0.000000
alleles/40_20_6_2 0 0 0 0.000000 0.000000 0.000000
alleles/40_20_6_3 0 0 0 0.000000 0.000000 0.000000
alleles/40_20_6_4 0 0 0 0.000000 0.000000 0.000000
alleles/40_20_6_5 0 0 0 0.000000 0.000000 0.000000
alleles/40_20_6_6 0 0 0 0.000000 0.000000 0.000000
alleles/40_20_6_7 0 0 0 0.000000 0.000000 0.000000
alleles/40_20_6_8 0 0 0 0.000000 0.000000 0.000000
alleles/40_20_6_9 0 0 0 0.000000 0.000000 0.000000
***alleles/40_20_6_9 0 0 0 0.000000 0.000000 0.000000 1.000000
loci/40_6_02_0 24 0 0 0.000000 0.000000 0.366667
loci/40_6_02_1 22 0 0 0.000000 0.000000 0.270270
loci/40_6_02_2 30 0 0 0.000000 0.000000 0.357143
loci/40_6_02_3 25 0 0 0.000000 0.000000 0.318182
loci/40_6_02_4 25 0 0 0.000000 0.000000 0.320000
loci/40_6_02_5 20 0 0 0.000000 0.000000 0.388889
loci/40_6_02_6 17 0 0 0.000000 0.000000 0.416667
loci/40_6_02_7 21 0 0 0.000000 0.000000 0.240000
loci/40_6_02_8 21 0 0 0.000000 0.000000 0.346154
loci/40_6_02_9 32 0 0 0.000000 0.000000 0.205128
***loci/40_6_02_9 23 0 0 0.000000 0.000000 0.322910 1.000000
loci/40_6_05_0 8 0 0 0.000000 0.000000 0.076923
loci/40_6_05_1 9 0 0 0.000000 0.000000 0.200000
loci/40_6_05_2 9 0 0 0.000000 0.000000 0.000000
loci/40_6_05_3 5 0 0 0.000000 0.000000 0.666667
loci/40_6_05_4 5 0 0 0.000000 0.000000 0.000000
loci/40_6_05_5 6 0 0 0.000000 0.000000 0.000000
loci/40_6_05_6 13 0 0 0.000000 0.000000 0.285714
loci/40_6_05_7 1 0 0 0.000000 0.000000 1.000000
loci/40_6_05_8 0 0 0 0.000000 0.000000 0.000000
loci/40_6_05_9 10 0 0 0.000000 0.000000 0.000000
***loci/40_6_05_9 7 0 0 0.000000 0.000000 0.247700 1.000000
loci/40_6_10_0 0 0 0 0.000000 0.000000 0.000000
loci/40_6_10_1 5 0 0 0.000000 0.000000 0.000000
loci/40_6_10_2 0 0 0 0.000000 0.000000 0.000000
loci/40_6_10_3 2 0 0 0.000000 0.000000 0.000000
loci/40_6_10_4 0 0 0 0.000000 0.000000 0.000000
loci/40_6_10_5 0 0 0 0.000000 0.000000 0.000000
loci/40_6_10_6 1 0 0 0.000000 0.000000 0.000000
loci/40_6_10_7 0 0 0 0.000000 0.000000 0.000000
loci/40_6_10_8 2 0 0 0.000000 0.000000 0.000000
loci/40_6_10_9 2 0 0 0.000000 0.000000 0.000000
***loci/40_6_10_9 2 0 0 0.000000 0.000000 0.000000 1.000000
loci/40_6_15_0 5 0 0 0.000000 0.000000 0.000000
loci/40_6_15_1 0 0 0 0.000000 0.000000 0.000000
loci/40_6_15_2 0 0 0 0.000000 0.000000 0.000000
loci/40_6_15_3 0 0 0 0.000000 0.000000 0.000000
loci/40_6_15_4 0 0 0 0.000000 0.000000 0.000000
loci/40_6_15_5 0 0 0 0.000000 0.000000 0.000000
loci/40_6_15_6 0 0 0 0.000000 0.000000 0.000000
loci/40_6_15_7 0 0 0 0.000000 0.000000 0.000000
loci/40_6_15_8 0 0 0 0.000000 0.000000 0.000000
loci/40_6_15_9 0 0 0 0.000000 0.000000 0.000000
***loci/40_6_15_9 5 0 0 0.000000 0.000000 0.000000 1.000000
loci/40_6_20_0 0 0 0 0.000000 0.000000 0.000000
loci/40_6_20_1 0 0 0 0.000000 0.000000 0.000000
loci/40_6_20_2 0 0 0 0.000000 0.000000 0.000000
loci/40_6_20_3 0 0 0 0.000000 0.000000 0.000000
loci/40_6_20_4 0 0 0 0.000000 0.000000 0.000000
loci/40_6_20_5 0 0 0 0.000000 0.000000 0.000000
loci/40_6_20_6 0 0 0 0.000000 0.000000 0.000000
loci/40_6_20_7 0 0 0 0.000000 0.000000 0.000000
loci/40_6_20_8 0 0 0 0.000000 0.000000 0.000000
loci/40_6_20_9 0 0 0 0.000000 0.000000 0.000000
***loci/40_6_20_9 0 0 0 0.000000 0.000000 0.000000 1.000000
indivs/010_6_6_0 5 0 0 0.000000 0.000000 0.000000
indivs/010_6_6_1 0 0 0 0.000000 0.000000 0.000000
indivs/010_6_6_2 0 0 0 0.000000 0.000000 0.000000
indivs/010_6_6_3 0 0 0 0.000000 0.000000 0.000000
indivs/010_6_6_4 0 0 0 0.000000 0.000000 0.000000
indivs/010_6_6_5 0 0 0 0.000000 0.000000 0.000000
indivs/010_6_6_6 0 0 0 0.000000 0.000000 0.000000
indivs/010_6_6_7 0 0 0 0.000000 0.000000 0.000000
indivs/010_6_6_8 0 0 0 0.000000 0.000000 0.000000
indivs/010_6_6_9 0 0 0 0.000000 0.000000 0.000000
***indivs/010_6_6_9 5 0 0 0.000000 0.000000 0.000000 1.000000
indivs/050_6_6_0 5 0 0 0.000000 0.000000 0.000000
indivs/050_6_6_1 7 0 0 0.000000 0.000000 0.250000
indivs/050_6_6_2 20 0 0 0.000000 0.000000 0.000000
indivs/050_6_6_3 16 0 0 0.000000 0.000000 0.125000
indivs/050_6_6_4 15 0 0 0.000000 0.000000 0.181818
indivs/050_6_6_5 0 0 0 0.000000 0.000000 0.000000
indivs/050_6_6_6 15 0 0 0.000000 0.000000 0.000000
indivs/050_6_6_7 17 0 0 0.000000 0.000000 0.000000
indivs/050_6_6_8 7 0 0 0.000000 0.000000 0.000000
indivs/050_6_6_9 0 0 0 0.000000 0.000000 0.000000
***indivs/050_6_6_9 12 0 0 0.000000 0.000000 0.069602 1.000000
indivs/100_6_6_0 40 0 0 0.000000 0.000000 0.000000
indivs/100_6_6_1 49 0 0 0.000000 0.000000 0.000000
indivs/100_6_6_2 42 0 0 0.000000 0.000000 0.040000
indivs/100_6_6_3 57 0 0 0.000000 0.000000 0.115385
indivs/100_6_6_4 25 0 0 0.000000 0.000000 0.000000
indivs/100_6_6_5 40 0 0 0.000000 0.000000 0.000000
indivs/100_6_6_6 34 0 0 0.000000 0.000000 0.050000
indivs/100_6_6_7 45 0 0 0.000000 0.000000 0.055556
indivs/100_6_6_8 36 0 0 0.000000 0.000000 0.000000
indivs/100_6_6_9 42 0 0 0.000000 0.000000 0.000000
***indivs/100_6_6_9 41 0 0 0.000000 0.000000 0.026094 1.000000
indivs/200_6_6_0 111 0 0 0.000000 0.000000 0.046875
indivs/200_6_6_1 75 0 0 0.000000 0.000000 0.023810
indivs/200_6_6_2 107 0 0 0.000000 0.000000 0.019608
indivs/200_6_6_3 107 0 0 0.000000 0.000000 0.000000
indivs/200_6_6_4 90 0 0 0.000000 0.000000 0.018868
indivs/200_6_6_5 106 0 0 0.000000 0.000000 0.051724
indivs/200_6_6_6 90 0 0 0.000000 0.000000 0.000000
indivs/200_6_6_7 109 0 0 0.000000 0.000000 0.084746
indivs/200_6_6_8 89 0 0 0.000000 0.000000 0.061224
indivs/200_6_6_9 101 0 0 0.000000 0.000000 0.029851
***indivs/200_6_6_9 98 0 0 0.000000 0.000000 0.033671 1.000000
famsize/80_6_6_01_0 63 0 0 0.000000 0.000000 0.114286
famsize/80_6_6_01_1 52 0 0 0.000000 0.000000 0.137931
famsize/80_6_6_01_2 62 0 0 0.000000 0.000000 0.132353
famsize/80_6_6_01_3 60 0 0 0.000000 0.000000 0.096774
famsize/80_6_6_01_4 60 0 0 0.000000 0.000000 0.102941
famsize/80_6_6_01_5 58 0 0 0.000000 0.000000 0.103448
famsize/80_6_6_01_6 57 0 0 0.000000 0.000000 0.081967
famsize/80_6_6_01_7 60 0 0 0.000000 0.000000 0.161765
famsize/80_6_6_01_8 61 0 0 0.000000 0.000000 0.131148
famsize/80_6_6_01_9 52 0 0 0.000000 0.000000 0.087719
***famsize/80_6_6_01_9 58 0 0 0.000000 0.000000 0.115033 1.000000
famsize/80_6_6_05_0 19 0 0 0.000000 0.000000 0.000000
famsize/80_6_6_05_1 23 0 0 0.000000 0.000000 0.000000
famsize/80_6_6_05_2 25 0 0 0.000000 0.000000 0.000000
famsize/80_6_6_05_3 9 0 0 0.000000 0.000000 0.000000
famsize/80_6_6_05_4 24 0 0 0.000000 0.000000 0.076923
famsize/80_6_6_05_5 17 0 0 0.000000 0.000000 0.000000
famsize/80_6_6_05_6 29 0 0 0.000000 0.000000 0.062500
famsize/80_6_6_05_7 22 0 0 0.000000 0.000000 0.000000
famsize/80_6_6_05_8 25 0 0 0.000000 0.000000 0.000000
famsize/80_6_6_05_9 35 0 0 0.000000 0.000000 0.055556
***famsize/80_6_6_05_9 22 0 0 0.000000 0.000000 0.019498 1.000000
famsize/80_6_6_10_0 5 0 0 0.000000 0.000000 0.200000
famsize/80_6_6_10_1 15 0 0 0.000000 0.000000 0.000000
famsize/80_6_6_10_2 2 0 0 0.000000 0.000000 0.000000
famsize/80_6_6_10_3 1 0 0 0.000000 0.000000 0.000000
famsize/80_6_6_10_4 0 0 0 0.000000 0.000000 0.000000
famsize/80_6_6_10_5 0 0 0 0.000000 0.000000 0.000000
famsize/80_6_6_10_6 2 0 0 0.000000 0.000000 0.000000
famsize/80_6_6_10_7 3 0 0 0.000000 0.000000 0.500000
famsize/80_6_6_10_8 6 0 0 0.000000 0.000000 0.000000
famsize/80_6_6_10_9 2 0 0 0.000000 0.000000 0.000000
***famsize/80_6_6_10_9 4 0 0 0.000000 0.000000 0.087500 1.000000
famsize/80_6_6_20_0 0 0 0 0.000000 0.000000 0.000000
famsize/80_6_6_20_1 1 0 0 0.000000 0.000000 0.500000
famsize/80_6_6_20_2 4 0 0 0.000000 0.000000 0.333333
famsize/80_6_6_20_3 1 0 0 0.000000 0.000000 1.000000
famsize/80_6_6_20_4 4 0 0 0.000000 0.000000 0.571429
famsize/80_6_6_20_5 1 0 0 0.000000 0.000000 0.500000
famsize/80_6_6_20_6 1 0 0 0.000000 0.000000 0.500000
famsize/80_6_6_20_7 1 0 0 0.000000 0.000000 0.500000
famsize/80_6_6_20_8 1 0 0 0.000000 0.000000 0.500000
famsize/80_6_6_20_9 0 0 0 0.000000 0.000000 0.000000
***famsize/80_6_6_20_9 1 0 0 0.000000 0.000000 0.550595 1.000000
alleles/40_02_6_0 25 0 0 0.000000 0.000000 0.166667
alleles/40_02_6_1 25 0 0 0.000000 0.000000 0.114286
alleles/40_02_6_2 25 0 0 0.000000 0.000000 0.125000
alleles/40_02_6_3 28 0 0 0.000000 0.000000 0.147059
alleles/40_02_6_4 25 0 0 0.000000 0.000000 0.096774
alleles/40_02_6_5 25 0 0 0.000000 0.000000 0.085714
alleles/40_02_6_6 25 0 0 0.000000 0.000000 0.147059
alleles/40_02_6_7 26 0 0 0.000000 0.000000 0.066667
alleles/40_02_6_8 30 0 0 0.000000 0.000000 0.138889
alleles/40_02_6_9 25 0 0 0.000000 0.000000 0.162162
***alleles/40_02_6_9 25 0 0 0.000000 0.000000 0.125028 1.000000
alleles/40_05_6_0 12 0 0 0.000000 0.000000 0.142857
alleles/40_05_6_1 6 0 0 0.000000 0.000000 0.000000
alleles/40_05_6_2 10 0 0 0.000000 0.000000 0.000000
alleles/40_05_6_3 15 0 0 0.000000 0.000000 0.142857
alleles/40_05_6_4 16 0 0 0.000000 0.000000 0.000000
alleles/40_05_6_5 21 0 0 0.000000 0.000000 0.200000
alleles/40_05_6_6 12 0 0 0.000000 0.000000 0.000000
alleles/40_05_6_7 18 0 0 0.000000 0.000000 0.076923
alleles/40_05_6_8 1 0 0 0.000000 0.000000 0.000000
alleles/40_05_6_9 12 0 0 0.000000 0.000000 0.000000
***alleles/40_05_6_9 12 0 0 0.000000 0.000000 0.056264 1.000000
alleles/40_10_6_0 0 0 0 0.000000 0.000000 0.000000
alleles/40_10_6_1 2 0 0 0.000000 0.000000 0.000000
alleles/40_10_6_2 0 0 0 0.000000 0.000000 0.000000
alleles/40_10_6_3 0 0 0 0.000000 0.000000 0.000000
alleles/40_10_6_4 0 0 0 0.000000 0.000000 0.000000
alleles/40_10_6_5 0 0 0 0.000000 0.000000 0.000000
alleles/40_10_6_6 0 0 0 0.000000 0.000000 0.000000
alleles/40_10_6_7 0 0 0 0.000000 0.000000 0.000000
alleles/40_10_6_8 0 0 0 0.000000 0.000000 0.000000
alleles/40_10_6_9 0 0 0 0.000000 0.000000 0.000000
***alleles/40_10_6_9 2 0 0 0.000000 0.000000 0.000000 1.000000
alleles/40_15_6_0 0 0 0 0.000000 0.000000 0.000000
alleles/40_15_6_1 0 0 0 0.000000 0.000000 0.000000
alleles/40_15_6_2 0 0 0 0.000000 0.000000 0.000000
alleles/40_15_6_3 0 0 0 0.000000 0.000000 0.000000
alleles/40_15_6_4 0 0 0 0.000000 0.000000 0.000000
alleles/40_15_6_5 0 0 0 0.000000 0.000000 0.000000
alleles/40_15_6_6 0 0 0 0.000000 0.000000 0.000000
alleles/40_15_6_7 0 0 0 0.000000 0.000000 0.000000
alleles/40_15_6_8 0 0 0 0.000000 0.000000 0.000000
alleles/40_15_6_9 0 0 0 0.000000 0.000000 0.000000
***alleles/40_15_6_9 0 0 0 0.000000 0.000000 0.000000 1.000000
alleles/40_20_6_0 0 0 0 0.000000 0.000000 0.000000
alleles/40_20_6_1 0 0 0 0.000000 0.000000 0.000000
alleles/40_20_6_2 0 0 0 0.000000 0.000000 0.000000
alleles/40_20_6_3 0 0 0 0.000000 0.000000 0.000000
alleles/40_20_6_4 0 0 0 0.000000 0.000000 0.000000
alleles/40_20_6_5 0 0 0 0.000000 0.000000 0.000000
alleles/40_20_6_6 0 0 0 0.000000 0.000000 0.000000
alleles/40_20_6_7 0 0 0 0.000000 0.000000 0.000000
alleles/40_20_6_8 0 0 0 0.000000 0.000000 0.000000
alleles/40_20_6_9 0 0 0 0.000000 0.000000 0.000000
***alleles/40_20_6_9 0 0 0 0.000000 0.000000 0.000000 1.000000
loci/40_6_02_0 24 0 0 0.000000 0.000000 0.366667
loci/40_6_02_1 22 0 0 0.000000 0.000000 0.270270
loci/40_6_02_2 30 0 0 0.000000 0.000000 0.357143
loci/40_6_02_3 25 0 0 0.000000 0.000000 0.318182
loci/40_6_02_4 25 0 0 0.000000 0.000000 0.320000
loci/40_6_02_5 20 0 0 0.000000 0.000000 0.388889
loci/40_6_02_6 17 0 0 0.000000 0.000000 0.416667
loci/40_6_02_7 21 0 0 0.000000 0.000000 0.240000
loci/40_6_02_8 21 0 0 0.000000 0.000000 0.346154
loci/40_6_02_9 32 0 0 0.000000 0.000000 0.205128
***loci/40_6_02_9 23 0 0 0.000000 0.000000 0.322910 1.000000
loci/40_6_05_0 8 0 0 0.000000 0.000000 0.076923
loci/40_6_05_1 9 0 0 0.000000 0.000000 0.200000
loci/40_6_05_2 9 0 0 0.000000 0.000000 0.000000
loci/40_6_05_3 5 0 0 0.000000 0.000000 0.666667
loci/40_6_05_4 5 0 0 0.000000 0.000000 0.000000
loci/40_6_05_5 6 0 0 0.000000 0.000000 0.000000
loci/40_6_05_6 13 0 0 0.000000 0.000000 0.285714
loci/40_6_05_7 1 0 0 0.000000 0.000000 1.000000
loci/40_6_05_8 0 0 0 0.000000 0.000000 0.000000
loci/40_6_05_9 10 0 0 0.000000 0.000000 0.000000
***loci/40_6_05_9 7 0 0 0.000000 0.000000 0.247700 1.000000
loci/40_6_10_0 0 0 0 0.000000 0.000000 0.000000
loci/40_6_10_1 5 0 0 0.000000 0.000000 0.000000
loci/40_6_10_2 0 0 0 0.000000 0.000000 0.000000
loci/40_6_10_3 2 0 0 0.000000 0.000000 0.000000
loci/40_6_10_4 0 0 0 0.000000 0.000000 0.000000
loci/40_6_10_5 0 0 0 0.000000 0.000000 0.000000
loci/40_6_10_6 1 0 0 0.000000 0.000000 0.000000
loci/40_6_10_7 0 0 0 0.000000 0.000000 0.000000
loci/40_6_10_8 2 0 0 0.000000 0.000000 0.000000
loci/40_6_10_9 2 0 0 0.000000 0.000000 0.000000
***loci/40_6_10_9 2 0 0 0.000000 0.000000 0.000000 1.000000
loci/40_6_15_0 5 0 0 0.000000 0.000000 0.000000
loci/40_6_15_1 0 0 0 0.000000 0.000000 0.000000
loci/40_6_15_2 0 0 0 0.000000 0.000000 0.000000
loci/40_6_15_3 0 0 0 0.000000 0.000000 0.000000
loci/40_6_15_4 0 0 0 0.000000 0.000000 0.000000
loci/40_6_15_5 0 0 0 0.000000 0.000000 0.000000
loci/40_6_15_6 0 0 0 0.000000 0.000000 0.000000
loci/40_6_15_7 0 0 0 0.000000 0.000000 0.000000
loci/40_6_15_8 0 0 0 0.000000 0.000000 0.000000
loci/40_6_15_9 0 0 0 0.000000 0.000000 0.000000
***loci/40_6_15_9 5 0 0 0.000000 0.000000 0.000000 1.000000
loci/40_6_20_0 0 0 0 0.000000 0.000000 0.000000
loci/40_6_20_1 0 0 0 0.000000 0.000000 0.000000
loci/40_6_20_2 0 0 0 0.000000 0.000000 0.000000
loci/40_6_20_3 0 0 0 0.000000 0.000000 0.000000
loci/40_6_20_4 0 0 0 0.000000 0.000000 0.000000
loci/40_6_20_5 0 0 0 0.000000 0.000000 0.000000
loci/40_6_20_6 0 0 0 0.000000 0.000000 0.000000
loci/40_6_20_7 0 0 0 0.000000 0.000000 0.000000
loci/40_6_20_8 0 0 0 0.000000 0.000000 0.000000
loci/40_6_20_9 0 0 0 0.000000 0.000000 0.000000
***loci/40_6_20_9 0 0 0 0.000000 0.000000 0.000000 1.000000
indivs/010_6_6_0 5 0 0 0.000000 0.000000 0.000000
indivs/010_6_6_1 0 0 0 0.000000 0.000000 0.000000
indivs/010_6_6_2 0 0 0 0.000000 0.000000 0.000000
indivs/010_6_6_3 0 0 0 0.000000 0.000000 0.000000
indivs/010_6_6_4 0 0 0 0.000000 0.000000 0.000000
indivs/010_6_6_5 0 0 0 0.000000 0.000000 0.000000
indivs/010_6_6_6 0 0 0 0.000000 0.000000 0.000000
indivs/010_6_6_7 0 0 0 0.000000 0.000000 0.000000
indivs/010_6_6_8 0 0 0 0.000000 0.000000 0.000000
indivs/010_6_6_9 0 0 0 0.000000 0.000000 0.000000
***indivs/010_6_6_9 5 0 0 0.000000 0.000000 0.000000 1.000000
indivs/050_6_6_0 5 0 0 0.000000 0.000000 0.000000
indivs/050_6_6_1 7 0 0 0.000000 0.000000 0.250000
indivs/050_6_6_2 20 0 0 0.000000 0.000000 0.000000
indivs/050_6_6_3 16 0 0 0.000000 0.000000 0.125000
indivs/050_6_6_4 15 0 0 0.000000 0.000000 0.181818
indivs/050_6_6_5 0 0 0 0.000000 0.000000 0.000000
indivs/050_6_6_6 15 0 0 0.000000 0.000000 0.000000
indivs/050_6_6_7 17 0 0 0.000000 0.000000 0.000000
indivs/050_6_6_8 7 0 0 0.000000 0.000000 0.000000
indivs/050_6_6_9 0 0 0 0.000000 0.000000 0.000000
***indivs/050_6_6_9 12 0 0 0.000000 0.000000 0.069602 1.000000
indivs/100_6_6_0 40 0 0 0.000000 0.000000 0.000000
indivs/100_6_6_1 49 0 0 0.000000 0.000000 0.000000
indivs/100_6_6_2 42 0 0 0.000000 0.000000 0.040000
indivs/100_6_6_3 57 0 0 0.000000 0.000000 0.115385
indivs/100_6_6_4 25 0 0 0.000000 0.000000 0.000000
indivs/100_6_6_5 40 0 0 0.000000 0.000000 0.000000
indivs/100_6_6_6 34 0 0 0.000000 0.000000 0.050000
indivs/100_6_6_7 45 0 0 0.000000 0.000000 0.055556
indivs/100_6_6_8 36 0 0 0.000000 0.000000 0.000000
indivs/100_6_6_9 42 0 0 0.000000 0.000000 0.000000
***indivs/100_6_6_9 41 0 0 0.000000 0.000000 0.026094 1.000000
indivs/200_6_6_0 111 0 0 0.000000 0.000000 0.046875
indivs/200_6_6_1 75 0 0 0.000000 0.000000 0.023810
indivs/200_6_6_2 107 0 0 0.000000 0.000000 0.019608
indivs/200_6_6_3 107 0 0 0.000000 0.000000 0.000000
indivs/200_6_6_4 90 0 0 0.000000 0.000000 0.018868
indivs/200_6_6_5 106 0 0 0.000000 0.000000 0.051724
indivs/200_6_6_6 90 0 0 0.000000 0.000000 0.000000
indivs/200_6_6_7 109 0 0 0.000000 0.000000 0.084746
indivs/200_6_6_8 89 0 0 0.000000 0.000000 0.061224
indivs/200_6_6_9 101 0 0 0.000000 0.000000 0.029851
***indivs/200_6_6_9 98 0 0 0.000000 0.000000 0.033671 1.000000
famsize/80_6_6_01_0 63 0 0 0.000000 0.000000 0.114286
famsize/80_6_6_01_1 52 0 0 0.000000 0.000000 0.137931
famsize/80_6_6_01_2 62 0 0 0.000000 0.000000 0.132353
famsize/80_6_6_01_3 60 0 0 0.000000 0.000000 0.096774
famsize/80_6_6_01_4 60 0 0 0.000000 0.000000 0.102941
famsize/80_6_6_01_5 58 0 0 0.000000 0.000000 0.103448
famsize/80_6_6_01_6 57 0 0 0.000000 0.000000 0.081967
famsize/80_6_6_01_7 60 0 0 0.000000 0.000000 0.161765
famsize/80_6_6_01_8 61 0 0 0.000000 0.000000 0.131148
famsize/80_6_6_01_9 52 0 0 0.000000 0.000000 0.087719
***famsize/80_6_6_01_9 58 0 0 0.000000 0.000000 0.115033 1.000000
famsize/80_6_6_05_0 19 0 0 0.000000 0.000000 0.000000
famsize/80_6_6_05_1 23 0 0 0.000000 0.000000 0.000000
famsize/80_6_6_05_2 25 0 0 0.000000 0.000000 0.000000
famsize/80_6_6_05_3 9 0 0 0.000000 0.000000 0.000000
famsize/80_6_6_05_4 24 0 0 0.000000 0.000000 0.076923
famsize/80_6_6_05_5 17 0 0 0.000000 0.000000 0.000000
famsize/80_6_6_05_6 29 0 0 0.000000 0.000000 0.062500
famsize/80_6_6_05_7 22 0 0 0.000000 0.000000 0.000000
famsize/80_6_6_05_8 25 0 0 0.000000 0.000000 0.000000
famsize/80_6_6_05_9 35 0 0 0.000000 0.000000 0.055556
***famsize/80_6_6_05_9 22 0 0 0.000000 0.000000 0.019498 1.000000
famsize/80_6_6_10_0 5 0 0 0.000000 0.000000 0.200000
famsize/80_6_6_10_1 15 0 0 0.000000 0.000000 0.000000
famsize/80_6_6_10_2 2 0 0 0.000000 0.000000 0.000000
famsize/80_6_6_10_3 1 0 0 0.000000 0.000000 0.000000
famsize/80_6_6_10_4 0 0 0 0.000000 0.000000 0.000000
famsize/80_6_6_10_5 0 0 0 0.000000 0.000000 0.000000
famsize/80_6_6_10_6 2 0 0 0.000000 0.000000 0.000000
famsize/80_6_6_10_7 3 0 0 0.000000 0.000000 0.500000
famsize/80_6_6_10_8 6 0 0 0.000000 0.000000 0.000000
famsize/80_6_6_10_9 2 0 0 0.000000 0.000000 0.000000
***famsize/80_6_6_10_9 4 0 0 0.000000 0.000000 0.087500 1.000000
famsize/80_6_6_20_0 0 0 0 0.000000 0.000000 0.000000
famsize/80_6_6_20_1 1 0 0 0.000000 0.000000 0.500000
famsize/80_6_6_20_2 4 0 0 0.000000 0.000000 0.333333
famsize/80_6_6_20_3 1 0 0 0.000000 0.000000 1.000000
famsize/80_6_6_20_4 4 0 0 0.000000 0.000000 0.571429
famsize/80_6_6_20_5 1 0 0 0.000000 0.000000 0.500000
famsize/80_6_6_20_6 1 0 0 0.000000 0.000000 0.500000
famsize/80_6_6_20_7 1 0 0 0.000000 0.000000 0.500000
famsize/80_6_6_20_8 1 0 0 0.000000 0.000000 0.500000
famsize/80_6_6_20_9 0 0 0 0.000000 0.000000 0.000000
***famsize/80_6_6_20_9 1 0 0 0.000000 0.000000 0.550595 1.000000
